config_pearl/config/optical_designs/telescope+ifs/throughput_baseline.ecsv
# %ECSV 1.0
# ---
# datatype:
# - {name: wavelength, unit: micron, datatype: float64}
# - {name: spectrograph, datatype: float64}
# - {name: telescope, datatype: float64}
# - {name: throughput, datatype: float64, description: Total throughput (no QE)}
# meta:
#   spectrograph:
#     Bulk_trans_File: 0.95
#     Grating_trans_File: 1.0
#     LensCoating_trans_File: Transmission_Lib/AR_Fused_Silica_Coating_3068_400_2450.ecsv
#     Mirror_trans_File: Transmission_Lib/EPSilver_RMI_0deg.ecsv
#     n_lens: 5
#     n_mirrors: 5
#     wave_boundary: [0.4, 1.8]
#     wave_throughput: [0.5, 1.7]
#   telescope: {Mirror_trans_File: Transmission_Lib/EPSilver_RMI_0deg.ecsv, n_mirrors: 4}
# schema: astropy-2.0
wavelength spectrograph telescope throughput
0.4 0.4774104501426154 0.7480520100000002 0.35712784682418836
0.42500000000000004 0.45132977960312176 0.7642693506250001 0.3449375175750023
0.45000000000000007 0.5814036463212214 0.7807489599999998 0.45393029220550135
0.4750000000000001 0.6281367086220718 0.7974936506249999 0.5009350368505879
0.5000000000000001 0.5765537595502448 0.8145062499999999 0.4696066406146715
0.5250000000000001 0.5858502508203005 0.8317896006249998 0.48730414615587375
0.5500000000000002 0.6137979133377408 0.8493465599999999 0.5213271462285882
0.5750000000000002 0.6172278937902305 0.8743914379209999 0.5396987855761899
0.6000000000000002 0.6301097639191154 0.8962957994409999 0.5647647345874633
0.6250000000000002 0.663276484890232 0.9111256118409999 0.6043281931153605
0.6500000000000002 0.7016406475131335 0.9223681599999999 0.6471709930278974
0.6750000000000003 0.716095785961254 0.929920776976 0.6659123496703286
0.7000000000000003 0.7088037645446329 0.937519681536 0.6645174796074022
0.7250000000000003 0.69088049917995 0.941336550625 0.6503510659921322
0.7500000000000003 0.6802957358589784 0.945165062416 0.6429917616444899
0.7750000000000004 0.6872233338303909 0.9528571087359999 0.6548256389295412
0.8000000000000004 0.6907082320233655 0.956720690641 0.6608148567728183
0.8250000000000004 0.7085944638752747 0.96059601 0.680673014706678
0.8500000000000004 0.7158882189110646 0.96059601 0.6876793666919752
0.8750000000000004 0.7158882189110646 0.96059601 0.6876793666919752
0.9000000000000005 0.7158882189110646 0.96059601 0.6876793666919752
0.9250000000000005 0.7158882189110646 0.96059601 0.6876793666919752
0.9500000000000005 0.7085944638752747 0.96059601 0.680673014706678
0.9750000000000005 0.7085944638752747 0.96059601 0.680673014706678
1.0000000000000004 0.7085944638752747 0.96059601 0.680673014706678
1.0250000000000006 0.7158882189110646 0.96059601 0.6876793666919752
1.0500000000000007 0.7232494734724829 0.96059601 0.6947505584522679
1.0750000000000006 0.7306787822514288 0.96059601 0.7018871228223813
1.1000000000000005 0.7381767039242249 0.96059601 0.7090895964645617
1.1250000000000007 0.7533806407259452 0.96059601 0.7236944374925864
1.1500000000000008 0.7610877933508231 0.96059601 0.7310978975525052
1.1750000000000007 0.7688658339111017 0.96059601 0.738569452280327
1.2000000000000006 0.7767153413753428 0.96059601 0.7461096578309422
1.2250000000000008 0.7846368988454647 0.96059601 0.753719074329727
1.2500000000000009 0.7846368988454647 0.96059601 0.753719074329727
1.2750000000000008 0.7846368988454647 0.96059601 0.753719074329727
1.3000000000000007 0.7846368988454647 0.96059601 0.753719074329727
1.3250000000000008 0.7767153413753428 0.96059601 0.7461096578309422
1.350000000000001 0.7767153413753428 0.96059601 0.7461096578309422
1.3750000000000009 0.7688658339111017 0.96059601 0.738569452280327
1.4000000000000008 0.7688658339111017 0.96059601 0.738569452280327
1.4250000000000007 0.7610877933508231 0.96059601 0.7310978975525052
1.450000000000001 0.7610877933508231 0.96059601 0.7310978975525052
1.475000000000001 0.7533806407259452 0.96059601 0.7236944374925864
1.5000000000000009 0.7533806407259452 0.96059601 0.7236944374925864
1.5250000000000008 0.7533806407259452 0.96059601 0.7236944374925864
1.5500000000000012 0.7533806407259452 0.96059601 0.7236944374925864
1.575000000000001 0.7533806407259452 0.96059601 0.7236944374925864
1.600000000000001 0.7533806407259452 0.96059601 0.7236944374925864
1.6250000000000009 0.7610877933508231 0.96059601 0.7310978975525052
1.6500000000000012 0.7610877933508227 0.9605960099999995 0.7310978975525044
1.6750000000000012 0.761130828105364 0.9528571087359995 0.7252489202383142
1.700000000000001 0.7496451612532073 0.941336550625 0.705668390286816
1.725000000000001 0.7572984409663357 0.941336550625 0.7128727022129406
1.7500000000000013 0.7572984409663357 0.941336550625 0.7128727022129406
1.7750000000000012 0.765021969526395 0.941336550625 0.7201431419463206
1.8000000000000012 0.7728163195131584 0.941336550625 0.7274802484772245
